Sample	0	1	2	3	4	5	6	7	8	9	10	11	12	13	14	15	16	17	18	19	20	21	22	23
ERR6913119_1	(37, 278.0)	(42, 409.0)	(47, 737.0)	(52, 1227.0)	(57, 1782.0)	(62, 2614.0)	(67, 3611.0)	(72, 4757.0)	(77, 6162.0)	(82, 7742.0)	(87, 8959.0)	(92, 10416.0)	(97, 11676.0)	(102, 12770.0)	(107, 13926.0)	(112, 14425.0)	(117, 15078.0)	(122, 15542.0)	(127, 15887.0)	(132, 15655.0)	(137, 15855.0)	(142, 15527.0)	(147, 30885.0)	(151, 138695.0)
ERR6913119_2	(37, 280.0)	(42, 410.0)	(47, 737.0)	(52, 1226.0)	(57, 1781.0)	(62, 2613.0)	(67, 3611.0)	(72, 4758.0)	(77, 6164.0)	(82, 7740.0)	(87, 8958.0)	(92, 10420.0)	(97, 11671.0)	(102, 12764.0)	(107, 13931.0)	(112, 14420.0)	(117, 15074.0)	(122, 15526.0)	(127, 15878.0)	(132, 15664.0)	(137, 15855.0)	(142, 15490.0)	(147, 30794.0)	(151, 138850.0)
ERR6913146_1	(37, 241.0)	(42, 392.0)	(47, 655.0)	(52, 999.0)	(57, 1507.0)	(62, 1967.0)	(67, 2623.0)	(72, 3256.0)	(77, 3818.0)	(82, 4431.0)	(87, 4746.0)	(92, 5101.0)	(97, 5208.0)	(102, 5446.0)	(107, 5602.0)	(112, 5625.0)	(117, 5665.0)	(122, 5681.0)	(127, 5631.0)	(132, 5914.0)	(137, 5897.0)	(142, 5858.0)	(147, 19427.0)	(151, 105774.0)
ERR6913146_2	(37, 241.0)	(42, 392.0)	(47, 655.0)	(52, 997.0)	(57, 1508.0)	(62, 1966.0)	(67, 2622.0)	(72, 3259.0)	(77, 3815.0)	(82, 4436.0)	(87, 4746.0)	(92, 5101.0)	(97, 5206.0)	(102, 5442.0)	(107, 5603.0)	(112, 5622.0)	(117, 5667.0)	(122, 5678.0)	(127, 5629.0)	(132, 5911.0)	(137, 5895.0)	(142, 5847.0)	(147, 19442.0)	(151, 105784.0)
ERR6913185_1	(37, 46.0)	(42, 54.0)	(47, 121.0)	(52, 199.0)	(57, 218.0)	(62, 363.0)	(67, 485.0)	(72, 658.0)	(77, 834.0)	(82, 1103.0)	(87, 1227.0)	(92, 1483.0)	(97, 1746.0)	(102, 1882.0)	(107, 1956.0)	(112, 2122.0)	(117, 2123.0)	(122, 2142.0)	(127, 2339.0)	(132, 2450.0)	(137, 2417.0)	(142, 2325.0)	(147, 8991.0)	(151, 50103.0)
ERR6913185_2	(37, 45.0)	(42, 55.0)	(47, 120.0)	(52, 201.0)	(57, 219.0)	(62, 364.0)	(67, 488.0)	(72, 658.0)	(77, 834.0)	(82, 1103.0)	(87, 1227.0)	(92, 1486.0)	(97, 1751.0)	(102, 1887.0)	(107, 1957.0)	(112, 2121.0)	(117, 2122.0)	(122, 2143.0)	(127, 2338.0)	(132, 2445.0)	(137, 2426.0)	(142, 2323.0)	(147, 9193.0)	(151, 49881.0)
ERR6913187_1	(37, 80.0)	(42, 102.0)	(47, 242.0)	(52, 329.0)	(57, 513.0)	(62, 616.0)	(67, 838.0)	(72, 1018.0)	(77, 1258.0)	(82, 1375.0)	(87, 1580.0)	(92, 1767.0)	(97, 1872.0)	(102, 1903.0)	(107, 1968.0)	(112, 2100.0)	(117, 2250.0)	(122, 2278.0)	(127, 2322.0)	(132, 2361.0)	(137, 2314.0)	(142, 2292.0)	(147, 12717.0)	(151, 82129.0)
ERR6913187_2	(37, 80.0)	(42, 102.0)	(47, 242.0)	(52, 332.0)	(57, 514.0)	(62, 617.0)	(67, 839.0)	(72, 1022.0)	(77, 1260.0)	(82, 1374.0)	(87, 1582.0)	(92, 1768.0)	(97, 1875.0)	(102, 1903.0)	(107, 1973.0)	(112, 2102.0)	(117, 2254.0)	(122, 2280.0)	(127, 2323.0)	(132, 2365.0)	(137, 2318.0)	(142, 2303.0)	(147, 12749.0)	(151, 82047.0)
ERR6913215_1	(37, 3009.0)	(42, 1722.0)	(47, 1413.0)	(52, 1278.0)	(57, 382.0)	(62, 575.0)	(67, 879.0)	(72, 1032.0)	(77, 733.0)	(82, 1046.0)	(87, 1159.0)	(92, 1507.0)	(97, 1565.0)	(102, 1762.0)	(107, 1759.0)	(112, 1831.0)	(117, 1673.0)	(122, 1773.0)	(127, 1579.0)	(132, 1660.0)	(137, 1528.0)	(142, 1361.0)	(147, 2245.0)	(151, 9001.0)
ERR6913215_2	(37, 3011.0)	(42, 1722.0)	(47, 1414.0)	(52, 1278.0)	(57, 381.0)	(62, 576.0)	(67, 881.0)	(72, 1030.0)	(77, 732.0)	(82, 1046.0)	(87, 1159.0)	(92, 1508.0)	(97, 1564.0)	(102, 1763.0)	(107, 1760.0)	(112, 1835.0)	(117, 1674.0)	(122, 1775.0)	(127, 1578.0)	(132, 1660.0)	(137, 1527.0)	(142, 1360.0)	(147, 2295.0)	(151, 8943.0)
ERR6913242_1	(37, 17699.0)	(42, 11725.0)	(47, 14681.0)	(52, 15008.0)	(57, 5406.0)	(62, 8927.0)	(67, 13063.0)	(72, 17654.0)	(77, 18390.0)	(82, 27178.0)	(87, 33912.0)	(92, 47347.0)	(97, 52173.0)	(102, 62905.0)	(107, 64175.0)	(112, 68693.0)	(117, 64156.0)	(122, 62040.0)	(127, 59089.0)	(132, 56634.0)	(137, 53714.0)	(142, 48295.0)	(147, 90101.0)	(151, 378592.0)
ERR6913242_2	(37, 17688.0)	(42, 11734.0)	(47, 14688.0)	(52, 15004.0)	(57, 5400.0)	(62, 8926.0)	(67, 13062.0)	(72, 17654.0)	(77, 18387.0)	(82, 27181.0)	(87, 33897.0)	(92, 47336.0)	(97, 52151.0)	(102, 62891.0)	(107, 64169.0)	(112, 68669.0)	(117, 64143.0)	(122, 62039.0)	(127, 59084.0)	(132, 56625.0)	(137, 53765.0)	(142, 48512.0)	(147, 90797.0)	(151, 377755.0)
ERR6913281_1	(37, 2490.0)	(42, 1716.0)	(47, 1773.0)	(52, 1902.0)	(57, 1119.0)	(62, 1880.0)	(67, 2692.0)	(72, 4135.0)	(77, 5544.0)	(82, 8736.0)	(87, 11686.0)	(92, 17489.0)	(97, 21658.0)	(102, 29290.0)	(107, 32556.0)	(112, 39372.0)	(117, 41968.0)	(122, 44809.0)	(127, 46961.0)	(132, 47820.0)	(137, 48574.0)	(142, 45781.0)	(147, 113031.0)	(151, 661593.0)
ERR6913281_2	(37, 2487.0)	(42, 1721.0)	(47, 1773.0)	(52, 1912.0)	(57, 1125.0)	(62, 1880.0)	(67, 2700.0)	(72, 4137.0)	(77, 5546.0)	(82, 8740.0)	(87, 11689.0)	(92, 17494.0)	(97, 21660.0)	(102, 29291.0)	(107, 32561.0)	(112, 39365.0)	(117, 41952.0)	(122, 44805.0)	(127, 46942.0)	(132, 47797.0)	(137, 48629.0)	(142, 45867.0)	(147, 113877.0)	(151, 660625.0)
ERR6913283_1	(37, 1135.0)	(42, 437.0)	(47, 278.0)	(52, 347.0)	(57, 218.0)	(62, 369.0)	(67, 590.0)	(72, 921.0)	(77, 1241.0)	(82, 2032.0)	(87, 2602.0)	(92, 3630.0)	(97, 4384.0)	(102, 5437.0)	(107, 6122.0)	(112, 6814.0)	(117, 7024.0)	(122, 7221.0)	(127, 7043.0)	(132, 6963.0)	(137, 6587.0)	(142, 6426.0)	(147, 14885.0)	(151, 74166.0)
ERR6913283_2	(37, 1134.0)	(42, 437.0)	(47, 279.0)	(52, 348.0)	(57, 218.0)	(62, 369.0)	(67, 591.0)	(72, 922.0)	(77, 1241.0)	(82, 2035.0)	(87, 2602.0)	(92, 3635.0)	(97, 4382.0)	(102, 5438.0)	(107, 6123.0)	(112, 6823.0)	(117, 7025.0)	(122, 7223.0)	(127, 7045.0)	(132, 6961.0)	(137, 6590.0)	(142, 6423.0)	(147, 15156.0)	(151, 73872.0)
ERR6913294_1	(37, 6687.0)	(42, 9555.0)	(47, 17781.0)	(52, 25200.0)	(57, 35702.0)	(62, 44119.0)	(67, 51583.0)	(72, 56066.0)	(77, 56009.0)	(82, 54311.0)	(87, 50886.0)	(92, 47081.0)	(97, 43408.0)	(102, 40135.0)	(107, 37144.0)	(112, 34552.0)	(117, 32187.0)	(122, 30170.0)	(127, 28391.0)	(132, 26983.0)	(137, 25128.0)	(142, 23210.0)	(147, 54552.0)	(151, 255192.0)
ERR6913294_2	(37, 6687.0)	(42, 9554.0)	(47, 17779.0)	(52, 25206.0)	(57, 35700.0)	(62, 44136.0)	(67, 51590.0)	(72, 56064.0)	(77, 56025.0)	(82, 54332.0)	(87, 50894.0)	(92, 47095.0)	(97, 43422.0)	(102, 40149.0)	(107, 37150.0)	(112, 34575.0)	(117, 32199.0)	(122, 30183.0)	(127, 28420.0)	(132, 27054.0)	(137, 25297.0)	(142, 23411.0)	(147, 54774.0)	(151, 254336.0)
ERR6913309_1	(37, 190.0)	(42, 313.0)	(47, 604.0)	(52, 1084.0)	(57, 1583.0)	(62, 2217.0)	(67, 2829.0)	(72, 3501.0)	(77, 4033.0)	(82, 4494.0)	(87, 4943.0)	(92, 5166.0)	(97, 5507.0)	(102, 5654.0)	(107, 5865.0)	(112, 5907.0)	(117, 5961.0)	(122, 6244.0)	(127, 6151.0)	(132, 6289.0)	(137, 6249.0)	(142, 5912.0)	(147, 19459.0)	(151, 117721.0)
ERR6913309_2	(37, 191.0)	(42, 313.0)	(47, 604.0)	(52, 1083.0)	(57, 1583.0)	(62, 2218.0)	(67, 2829.0)	(72, 3500.0)	(77, 4035.0)	(82, 4493.0)	(87, 4940.0)	(92, 5164.0)	(97, 5508.0)	(102, 5652.0)	(107, 5863.0)	(112, 5903.0)	(117, 5961.0)	(122, 6242.0)	(127, 6153.0)	(132, 6272.0)	(137, 6239.0)	(142, 5884.0)	(147, 19679.0)	(151, 117567.0)
ERR6913323_1	(37, 390962.0)	(42, 17597.0)	(47, 12212.0)	(52, 10510.0)	(57, 10550.0)	(62, 13094.0)	(67, 16843.0)	(72, 21579.0)	(77, 26056.0)	(82, 32891.0)	(87, 37282.0)	(92, 43452.0)	(97, 46711.0)	(102, 50751.0)	(107, 49356.0)	(112, 50253.0)	(117, 47012.0)	(122, 45669.0)	(127, 42458.0)	(132, 41359.0)	(137, 38311.0)	(142, 36420.0)	(147, 81135.0)	(151, 370822.0)
ERR6913323_2	(37, 390990.0)	(42, 17602.0)	(47, 12215.0)	(52, 10513.0)	(57, 10552.0)	(62, 13095.0)	(67, 16851.0)	(72, 21584.0)	(77, 26060.0)	(82, 32912.0)	(87, 37287.0)	(92, 43452.0)	(97, 46710.0)	(102, 50761.0)	(107, 49355.0)	(112, 50267.0)	(117, 47030.0)	(122, 45667.0)	(127, 42482.0)	(132, 41385.0)	(137, 38335.0)	(142, 36439.0)	(147, 81520.0)	(151, 370221.0)
ERR6913338_1	(37, 981.0)	(42, 1030.0)	(47, 1907.0)	(52, 2922.0)	(57, 4581.0)	(62, 6112.0)	(67, 7803.0)	(72, 10081.0)	(77, 11692.0)	(82, 13596.0)	(87, 15281.0)	(92, 16897.0)	(97, 18154.0)	(102, 19810.0)	(107, 20249.0)	(112, 21058.0)	(117, 21103.0)	(122, 21292.0)	(127, 21351.0)	(132, 21471.0)	(137, 20932.0)	(142, 20248.0)	(147, 64996.0)	(151, 393627.0)
ERR6913338_2	(37, 981.0)	(42, 1032.0)	(47, 1910.0)	(52, 2926.0)	(57, 4586.0)	(62, 6115.0)	(67, 7808.0)	(72, 10081.0)	(77, 11696.0)	(82, 13600.0)	(87, 15288.0)	(92, 16896.0)	(97, 18158.0)	(102, 19821.0)	(107, 20251.0)	(112, 21074.0)	(117, 21114.0)	(122, 21310.0)	(127, 21364.0)	(132, 21532.0)	(137, 21057.0)	(142, 20393.0)	(147, 64719.0)	(151, 393462.0)
