Sample	0	1	2	3	4	5	6	7	8	9	10	11	12	13	14	15
ERR6913119_1	(1.0, 89.72668875738141)	(2.0, 9.240755195200835)	(3.0, 0.9240901031564734)	(4.0, 0.09608533912102613)	(5.0, 0.012380605140266163)	(6.0, 0.0)	(7.0, 0.0)	(8.0, 0.0)	(9.0, 0.0)	('>10', 0.0)	('>50', 0.0)	('>100', 0.0)	('>500', 0.0)	('>1k', 0.0)	('>5k', 0.0)	('>10k+', 0.0)
ERR6913119_2	(1.0, 89.76063639732303)	(2.0, 9.252412083223984)	(3.0, 0.8769411181343347)	(4.0, 0.09916928535045576)	(5.0, 0.008841327434488481)	(6.0, 0.0019997885337233474)	(7.0, 0.0)	(8.0, 0.0)	(9.0, 0.0)	('>10', 0.0)	('>50', 0.0)	('>100', 0.0)	('>500', 0.0)	('>1k', 0.0)	('>5k', 0.0)	('>10k+', 0.0)
ERR6913146_1	(1.0, 83.68750437339155)	(2.0, 13.755722776043031)	(3.0, 2.1356374242331047)	(4.0, 0.3513266058153955)	(5.0, 0.054440849265965756)	(6.0, 0.015367971250941762)	(7.0, 0.0)	(8.0, 0.0)	(9.0, 0.0)	('>10', 0.0)	('>50', 0.0)	('>100', 0.0)	('>500', 0.0)	('>1k', 0.0)	('>5k', 0.0)	('>10k+', 0.0)
ERR6913146_2	(1.0, 83.8246586899371)	(2.0, 13.680591460424079)	(3.0, 2.0914991729297094)	(4.0, 0.32357854826529875)	(5.0, 0.06738223928598587)	(6.0, 0.012289889157827315)	(7.0, 0.0)	(8.0, 0.0)	(9.0, 0.0)	('>10', 0.0)	('>50', 0.0)	('>100', 0.0)	('>500', 0.0)	('>1k', 0.0)	('>5k', 0.0)	('>10k+', 0.0)
ERR6913185_1	(1.0, 79.86542620755948)	(2.0, 16.991085630585783)	(3.0, 2.588485701534553)	(4.0, 0.48977536704544156)	(5.0, 0.05721674848661701)	(6.0, 0.0)	(7.0, 0.008010344788126381)	(8.0, 0.0)	(9.0, 0.0)	('>10', 0.0)	('>50', 0.0)	('>100', 0.0)	('>500', 0.0)	('>1k', 0.0)	('>5k', 0.0)	('>10k+', 0.0)
ERR6913185_2	(1.0, 80.04966413768638)	(2.0, 16.837744744641654)	(3.0, 2.561021662260977)	(4.0, 0.49435270692437094)	(5.0, 0.05721674848661701)	(6.0, 0.0)	(7.0, 0.0)	(8.0, 0.0)	(9.0, 0.0)	('>10', 0.0)	('>50', 0.0)	('>100', 0.0)	('>500', 0.0)	('>1k', 0.0)	('>5k', 0.0)	('>10k+', 0.0)
ERR6913187_1	(1.0, 79.68906160738062)	(2.0, 17.160576388532554)	(3.0, 2.61979577279463)	(4.0, 0.4601317284170243)	(5.0, 0.04903667921689342)	(6.0, 0.021397823658280767)	(7.0, 0.0)	(8.0, 0.0)	(9.0, 0.0)	('>10', 0.0)	('>50', 0.0)	('>100', 0.0)	('>500', 0.0)	('>1k', 0.0)	('>5k', 0.0)	('>10k+', 0.0)
ERR6913187_2	(1.0, 79.9591207727828)	(2.0, 16.94078012019446)	(3.0, 2.5624268818846883)	(4.0, 0.4823062938457522)	(5.0, 0.04464994459056444)	(6.0, 0.010715986701735467)	(7.0, 0.0)	(8.0, 0.0)	(9.0, 0.0)	('>10', 0.0)	('>50', 0.0)	('>100', 0.0)	('>500', 0.0)	('>1k', 0.0)	('>5k', 0.0)	('>10k+', 0.0)
ERR6913215_1	(1.0, 72.40770389903936)	(2.0, 13.712563571294028)	(3.0, 2.924279525334338)	(4.0, 0.9323789790921078)	(5.0, 0.49444339800339043)	(6.0, 0.40968167263138067)	(7.0, 0.3296289320022603)	(8.0, 0.18835938971557734)	(9.0, 0.21190431343002447)	('>10', 3.2774533810510453)	('>50', 0.9512149180636654)	('>100', 4.160388020342814)	('>500', 0.0)	('>1k', 0.0)	('>5k', 0.0)	('>10k+', 0.0)
ERR6913215_2	(1.0, 72.35355057449614)	(2.0, 13.816161235637598)	(3.0, 2.804200414390657)	(4.0, 0.9229610096063289)	(5.0, 0.5179883217178377)	(6.0, 0.40968167263138067)	(7.0, 0.3461103786023733)	(8.0, 0.18835938971557734)	(9.0, 0.14833301940101715)	('>10', 3.6306272367677526)	('>50', 0.9370879638349973)	('>100', 3.924938783198342)	('>500', 0.0)	('>1k', 0.0)	('>5k', 0.0)	('>10k+', 0.0)
ERR6913242_1	(1.0, 56.016207511788984)	(2.0, 18.18133703246714)	(3.0, 5.885833467035565)	(4.0, 2.4139550701808137)	(5.0, 1.3812492077978755)	(6.0, 1.005221481261457)	(7.0, 0.7699883089461332)	(8.0, 0.6730517423957519)	(9.0, 0.5842856880844776)	('>10', 7.372339129903792)	('>50', 2.275329405407799)	('>100', 2.5393501091616937)	('>500', 0.3792826812069007)	('>1k', 0.5225691643616203)	('>5k', 0.0)	('>10k+', 0.0)
ERR6913242_2	(1.0, 56.37724105924096)	(2.0, 18.088536808297373)	(3.0, 5.893494113452127)	(4.0, 2.387878882634498)	(5.0, 1.3055301079127513)	(6.0, 0.947782082606819)	(7.0, 0.7564635583056024)	(8.0, 0.6771476190146514)	(9.0, 0.5525432254106205)	('>10', 7.33130382106282)	('>50', 2.219778477378436)	('>100', 2.626486521791551)	('>500', 0.29955012931650765)	('>1k', 0.5362635935752422)	('>5k', 0.0)	('>10k+', 0.0)
ERR6913281_1	(1.0, 33.47680267995698)	(2.0, 8.71720645337408)	(3.0, 4.1007470922719)	(4.0, 2.8426914877560336)	(5.0, 2.3008316768112382)	(6.0, 1.999868825722672)	(7.0, 1.6929988203443591)	(8.0, 1.6508912912552256)	(9.0, 1.440230330168992)	('>10', 24.67565295963599)	('>50', 8.481095100452846)	('>100', 8.205598962575923)	('>500', 0.28841843922823057)	('>1k', 0.12696588044550305)	('>5k', 0.0)	('>10k+', 0.0)
ERR6913281_2	(1.0, 33.64173217023385)	(2.0, 8.5677559811254)	(3.0, 4.127266623146969)	(4.0, 2.853232479403328)	(5.0, 2.3668044176675176)	(6.0, 2.042003363171289)	(7.0, 1.7468766186828095)	(8.0, 1.5846364935636348)	(9.0, 1.5131114712121199)	('>10', 24.719969797644993)	('>50', 8.583715825500452)	('>100', 7.927800430573774)	('>500', 0.11381296560628562)	('>1k', 0.21128136246760845)	('>5k', 0.0)	('>10k+', 0.0)
ERR6913283_1	(1.0, 77.09963592490844)	(2.0, 18.540069071342703)	(3.0, 2.971829245246847)	(4.0, 0.44449572748188304)	(5.0, 0.08681687410189545)	(6.0, 0.0467615605119325)	(7.0, 0.03632491680796628)	(8.0, 0.02075709531883788)	(9.0, 0.015567821489128407)	('>10', 0.19373288964248683)	('>50', 0.25946369148547344)	('>100', 0.28454518166240256)	('>500', 0.0)	('>1k', 0.0)	('>5k', 0.0)	('>10k+', 0.0)
ERR6913283_2	(1.0, 77.16521691878036)	(2.0, 18.49506652093587)	(3.0, 2.919430644013057)	(4.0, 0.4586855524728555)	(5.0, 0.08250793855984868)	(6.0, 0.04158143746633539)	(7.0, 0.04845104887935261)	(8.0, 0.027686313645344345)	(9.0, 0.023360327138259293)	('>10', 0.18947820901032536)	('>50', 0.26042438772652027)	('>100', 0.2881107013718646)	('>500', 0.0)	('>1k', 0.0)	('>5k', 0.0)	('>10k+', 0.0)
ERR6913294_1	(1.0, 90.14671351652065)	(2.0, 8.84064985032413)	(3.0, 0.9104355110861995)	(4.0, 0.07865252257265076)	(5.0, 0.01699786208224768)	(6.0, 0.00381992172174728)	(7.0, 0.0013341570383913089)	(8.0, 0.0013966586539731092)	(9.0, 0.0)	('>10', 0.0)	('>50', 0.0)	('>100', 0.0)	('>500', 0.0)	('>1k', 0.0)	('>5k', 0.0)	('>10k+', 0.0)
ERR6913294_2	(1.0, 90.17061534854048)	(2.0, 8.820689205468657)	(3.0, 0.910411238291859)	(4.0, 0.06939618810624597)	(5.0, 0.016996810396120145)	(6.0, 0.006366036900417276)	(7.0, 0.00266806248005255)	(8.0, 0.0013965057550544343)	(9.0, 0.0014606040611092222)	('>10', 0.0)	('>50', 0.0)	('>100', 0.0)	('>500', 0.0)	('>1k', 0.0)	('>5k', 0.0)	('>10k+', 0.0)
ERR6913309_1	(1.0, 83.60154696050384)	(2.0, 9.861761600421934)	(3.0, 1.9287843511936682)	(4.0, 0.775064765095316)	(5.0, 0.5178805527564645)	(6.0, 0.40355425831913166)	(7.0, 0.3338912735714361)	(8.0, 0.23608216668873938)	(9.0, 0.20289985015116024)	('>10', 1.679938399928798)	('>50', 0.19004871876574597)	('>100', 0.2685471026037715)	('>500', 0.0)	('>1k', 0.0)	('>5k', 0.0)	('>10k+', 0.0)
ERR6913309_2	(1.0, 83.74858468145118)	(2.0, 9.871866305120438)	(3.0, 1.9404036715466284)	(4.0, 0.8162432819388051)	(5.0, 0.5010271894311595)	(6.0, 0.3892969598480209)	(7.0, 0.31096899882389917)	(8.0, 0.22851966174952035)	(9.0, 0.20686500509447905)	('>10', 1.5684022039151744)	('>50', 0.1398855351587418)	('>100', 0.2779365059219592)	('>500', 0.0)	('>1k', 0.0)	('>5k', 0.0)	('>10k+', 0.0)
ERR6913323_1	(1.0, 56.31284896103475)	(2.0, 12.547396628352885)	(3.0, 2.5961842134483613)	(4.0, 0.7049091082193598)	(5.0, 0.29748196780789826)	(6.0, 0.21422609148353378)	(7.0, 0.1611781195519851)	(8.0, 0.13910018812022348)	(9.0, 0.12938056289136177)	('>10', 1.9976246487402654)	('>50', 0.7347383976388366)	('>100', 3.306157578309959)	('>500', 1.5243336910460985)	('>1k', 2.514802537364473)	('>5k', 1.1443702403639473)	('>10k+', 15.675267065626059)
ERR6913323_2	(1.0, 56.52919412950027)	(2.0, 12.36334295002106)	(3.0, 2.6204822109846666)	(4.0, 0.6924616620999983)	(5.0, 0.2948973140477013)	(6.0, 0.2040982795604756)	(7.0, 0.13126879457057009)	(8.0, 0.15623731724860795)	(9.0, 0.11990736401892138)	('>10', 2.0255452126820517)	('>50', 0.7294531332339422)	('>100', 3.2672783025046837)	('>500', 1.5139215581622523)	('>1k', 2.5159282099312295)	('>5k', 1.14382277699358)	('>10k+', 15.692160784440004)
ERR6913338_1	(1.0, 78.41249586974762)	(2.0, 9.299158938369628)	(3.0, 2.1460890017311898)	(4.0, 1.0586912877025092)	(5.0, 0.7853651919181821)	(6.0, 0.63711562675636)	(7.0, 0.5101642177619381)	(8.0, 0.4370005714435159)	(9.0, 0.42125257761243845)	('>10', 4.4383287787631)	('>50', 0.9594183245436134)	('>100', 0.7244984508144471)	('>500', 0.17042116283547815)	('>1k', 0.0)	('>5k', 0.0)	('>10k+', 0.0)
ERR6913338_2	(1.0, 78.76382283711894)	(2.0, 9.03029009362865)	(3.0, 2.0747174967879576)	(4.0, 1.0272150478379727)	(5.0, 0.7703103036237691)	(6.0, 0.6585772919126299)	(7.0, 0.5215930234952729)	(8.0, 0.4767774886174604)	(9.0, 0.3934003053809373)	('>10', 4.477320254990899)	('>50', 0.9243785052845467)	('>100', 0.7647825770242996)	('>500', 0.11681477429666474)	('>1k', 0.0)	('>5k', 0.0)	('>10k+', 0.0)
